0.54297      0.26953     0.074219
0.33203      0.41797      0.18359
0.41797      0.55469      0.13672
0.54297            0            0
1     0     0
1     0     1
1      0.89063      0.87891
1      0.64453            0
1      0.83984            0
1     1     0
0.67578            1      0.18359
0     1     0
0      0.39063            0
0            0      0.54297
0      0.74609            1
0.52734      0.80469      0.97917
0     1     1
0.5            0          0.5
0.59766      0.19531      0.79688
0.84375      0.74609      0.84375
 0.5          0.5          0.5
0.41016      0.41016      0.41016
0.82422      0.82422      0.82422
0.875            1            1